⁰}[11n1q 919 Ἡ 111 99111111 91 91991119 91111 11911111 901Ι11
1991 9111 Jo 99911 991111-Ᾱ111111 9111 Jo ougu-Aummffl ·o[013.111u 19111 9111919101 1199
(91111 9111 01 9911991919 91 11 9191111 (3111 111311 9111 111 1911101 91 1911Ι9119 91111, g
ιι·19.19.119990 19 999111191993 19
91111995 1913119199 1311011919 19 11311909 (199911)0.11Ι 91101 911)991111111911) 919Ᾰ90199919
99111191911111 (9911111911 91199191 ulus (01999909 11119 91019 19111) 911) 91919319) 1119Ν
91119191 99 99911 13119 191119 991( ·111)11909 999991 (113191113191319 911939 1311191 01911110
9111 qus 99 1111) (1111 09([ 1199111) 91111919 xo 9191111 9113111111)ὶ 9111111111 1913991113 9191Ι1 111
9111Ῑ) (1111901191 9019113119991 11119 0901 91 01999011 9119191191 11191901) 9011ἶ) Ξ11Λ1919Ῑ9191Ι
0119911019 191191919911([ 1111311019) 13 (199 99911 19991139 1113 91191111 nub (91119111 991101 91)
9019999 9011119909 (9119191199 9111119011910 91101191) 111119 1111111191111199 99191Ῑ1 9111199139
19 (1111911193 (9199111119191 19([ 11111 111911110 1901Ι 0911 0999 1913ζ(19119119911(] 9111
·11.39199 1191911911 913 91910999 199119 1991999191) 191311 (11910999 1991991111 nub 91911139
9901101191) gub i 11111999 991199Ᾱ901119919 919990919110 911111131999Λ ,191911 991111191109
(0111919 19 91.10,1(0.191999 19111011Ῑ) oq ’21111-10Afflfflhuoz) 011911119 999111 11119 9111011991
-11) (1111319111 1919111109 19119 139119 191) 91111 1113 (91111999 9919111 1911.19111ἶ)1191 1991919999
ep 199111991111101Ι 1999ὒ119 (1991991919 1191919131191 9911911111) 0119919911 9111319111
911Β111119111ἶ) 0911919 19 (1991191111111) 9011 1911911119 99919119([ 9111111911Ι)111[) 11113919
919991( ’1991199995 9191991199 (1319111919 91131911ἶ 111119 (1901101191) 19110199 991111
0191119 91991991) 91101199919119ζ1 1991190991) 911191Ι1 19ο1ἶ (1913199991191 9901199111) 1191111
91111 111 19 199 1111 (19119011) 19([ 1111 1911999999 19οἆ ,, ·Ᾱ.113999999 9919919909 ,891911
99919111 9 (Ᾱ1199191111) 91991119 91111 99991101191 ’3111 9131911911 9111, [Ὄροιαοηὸ g
·1)99Β9ν·[ ’111311 'UOUV “TUUSOKJOffi 911119
-1311111 9919οᾶ 199 19111991 99191ἶ1 199191111ἶ99 9111Ῑ) (91119919 1911011ἶ 111111193111 99191193
019Λ pon& 9111131991 9991311909 911 9111119910 9911193 19 (11191131ἶο91 1999019111 01111
-91319 111 9199 911111119911) 9111 1919131119 19 (1191131Ι911) 91911) 99311 19οἆ [991913191909
9191111199 9111111191 19 9111111119311191 19 (9113991111 111 99199199Λ ‘059 19 (9911911190
99113911 19 91319011]1 9919993 1191991 ag ’911109 11311 1111111110 :mod 999 911 (9910981
1111111 19119019193199110 111 (09(1 91119 9999 11911199 (91111901Ι9311Ι 93119 9111111131 9319199
11111 1110 (11191119 0911905 91919199 19 1131911109 modo 9111991 111 19991) (1191111990
,1911191111 199119 9911191) 0111 (9191991199 9019119 1991911919 19 991109911191119113 1119111
esd} 9199 91911911 ’91199 919 md (9199131119 19119111 9199919 091Ι1 md 19911Ῑ) (91110111,
0919 13391109 99ὒο199139 (919 91) 9101199 111 91191911) 13111191 11911 , ε999911) 911 (11111
-99 91919101199 0119139111 1199119101) 999111)01ξ) 99199133 (1111919199 9190 N [11999190
91191191 1111111 (1111911999 9111131 19 101 (9119111119 00ss 91199119 91910999 101 190 (9119
-111)0[) 9111991911 91119119319 Ξ 1191991011Ι 19911013 9191991199Χ9 19131 9919011 ιΙ, 99113911
91019991 1119111 91991) (999;Ξ[ , ’19911019 9111111 91 (111991Λ91 1)9 09111)οθ 19 13111011J¹
9119993 91) 9101199 111 1919911911Βο1 991111311191)9 1191911116 9919101193 ,, [xqslnfig ι

191911 99011013 1911101991311111 139319 „md 99191Ῑ1 111910111991 9999311191
Ρ9ἆ13 99111101Ῑ9191 911919011 ponb 1913119991) 1991199 111Ι)((01911ἶο
1919 1390111101 9191119999 9919111 91) 90119111 pucha* 1999) ξ 199119111119
91911911 9919111 9111191 ep 91911091919 1)111Ῑ)119 (111919119111) 1119111991111
{nb (11111111 (19111)οθ 19191οΠ 11111 1113911 9199999Χ9 19οἆ Ὀςεξ

3‘VJNNVS „Lstmmfi IOIHGOO LLDNVS
svmfflflffii aad VJNTJNI ffilOdHOO OAEOL VTfflssd OGONOsfflZ 'IIIXX ‘dvo

4&an 19([ 11111 91911191111Ῐ99 119 911013 9191019991191 9111919
199Ρο11119οἆ 9099911 9999991 91191 ‘emb (1191199111 19990119199119 9191

VMA 911 9911199111 898

